time: 0.0013890266418457031, root_diff: 0.0, V_lower: 0.125, V_upper: 0.125, Belief Size: 32, Controller Size: 17
time: 0.0014078617095947266, root_diff: 0.0, V_lower: 0.125, V_upper: 0.125, Belief Size: 32, Controller Size: 17
time: 0.0014376640319824219, root_diff: 0.0, V_lower: 0.125, V_upper: 0.125, Belief Size: 32, Controller Size: 17
Total time: 0.0014407634735107422, root_diff: 0.0, V_lower: 0.125, V_upper: 0.125, Belief Size: 32, Controller Size: 17